image_width: 640
image_height: 480
camera_name: narrow_stereo/right
camera_matrix:
  rows: 3
  cols: 3
  data: [429.70271,   0.     , 325.20976,
           0.     , 431.76496, 251.27093,
           0.     ,   0.     ,   1.     ]
distortion_model: plumb_bob
distortion_coefficients:
  rows: 1
  cols: 5
  data: [-0.408559, 0.174798, -0.004364, 0.003468, 0.000000]
rectification_matrix:
  rows: 3
  cols: 3
  data: [ 0.98874948, -0.14567599,  0.03395536,
          0.14530755,  0.98929993,  0.01309035,
         -0.03549898, -0.00800911,  0.99933762]
projection_matrix:
  rows: 3
  cols: 4
  data: [459.89758,   0.     , 290.72272, -32.68844,
           0.     , 459.89758, 252.56359,   0.     ,
           0.     ,   0.     ,   1.     ,   0.     ]
